60(2) 0(0) BruteForce(1) Multiwavelet(7) 3(3) NoTemplate(0) N/A(0)  -77.0625691676 74.8068547422 0.11209876563 -0.00145822387522 -4.50999487892 0.180512833439 1.09524206129e-05 
N/A(0) N/A(0) Sorted(2) SavitzkyGolay(1) 3(3) Template(1) 0.74(0.74) -5.8340611787 5.85346613004 0.00741610457657 0.000106268391743 -0.307946213653 0.0388506748789 -3.26425719543e-07 
60(2) 0(0) BruteForce(1) Haar(5) 2(2) NoTemplate(0) N/A(0)  83.2663877297 -83.9297051218 -0.00954966344695 -0.000204268882157 1.23995547495 0.190215204019 7.70066752936e-07 
N/A(0) N/A(0) Sorted(2) Daubechies3(3) 0(0) Template(1) 0.49(0.49) -6.14084761107 6.16143903382 0.0096486472737 7.52487145524e-05 -0.277273465402 0.0447352901991 -3.72708719043e-07 
30(1) 0(0) BruteForce(1) NoFilter(0) 1(1) NoTemplate(0) N/A(0)  76.6742019265 -77.6801459061 0.0105418150438 0.000333133416406 -2.48265756207 0.256537075187 9.78829162116e-08 
60(2) 0(0) BruteForce(1) Daubechies2(2) 0(0) NoTemplate(0) N/A(0)  34.2990777054 -35.2967993729 -0.00556086434666 0.00138811160458 0.82679806758 0.279801416201 -2.37700005209e-06 
N/A(0) N/A(0) BruteForce(1) Multiwavelet(7) 1(1) Template(1) 0.74(0.74) -22.6933036027 23.0522966958 0.0190365018119 0.00099120047359 -1.66596291946 0.182686104211 -4.00210044402e-06 
N/A(0) N/A(0) Sorted(2) Daubechies8(4) 2(2) Template(1) 0.49(0.49) -8.60431803544 8.54163914058 0.0113313495774 -0.000103127044299 -0.281182937009 0.0330430207083 5.58577812458e-07 
N/A(0) N/A(0) BruteForce(1) Multiwavelet(7) 3(3) Template(1) 0.74(0.74) -23.2009300909 23.6651713026 0.01806472921 0.000981648583326 -1.66364290143 0.179836196822 -4.0944128962e-06 
30(1) 0(0) BruteForce(1) Daubechies2(2) 2(2) NoTemplate(0) N/A(0)  32.6954709966 -33.9292055139 0.0549541024919 -0.000408157352304 -3.22630062958 0.197180872202 4.76265371833e-06 
N/A(0) N/A(0) Sorted(2) Daubechies2(2) 3(3) Template(1) 0.49(0.49) -5.70220510514 5.71555353116 0.00796684297888 8.84710646652e-05 -0.230600481779 0.0349831875607 -3.35774688399e-07 
N/A(0) N/A(0) Sorted(2) ChainWavelet(6) 1(1) Template(1) 0.49(0.49) -7.9001600144 7.92016135781 0.0113577040635 4.89700044438e-05 -0.416715427102 0.04456507884 -3.20223591038e-07 
30(1) 0(0) BruteForce(1) Daubechies2(2) 3(3) NoTemplate(0) N/A(0)  37.0978978801 -38.2885164286 0.0456328569643 -0.00077433230918 -2.89558651168 0.177592783227 5.54620000687e-06 
N/A(0) N/A(0) BruteForce(1) Daubechies8(4) 0(0) Template(1) 0.74(0.74) -19.6063450672 19.956697618 0.0161038645109 0.000925478939972 -1.40736994179 0.166518814113 -3.49782703919e-06 
N/A(0) N/A(0) BruteForce(1) SavitzkyGolay(1) 1(1) Template(1) 0.49(0.49) -47.0007155561 47.191200387 0.0534357615713 0.000659920693718 -2.44941802817 0.39440619749 -2.36043028366e-06 
N/A(0) N/A(0) BruteForce(1) ChainWavelet(6) 2(2) Template(1) 0.49(0.49) -66.87955713 66.9136223145 0.0738940511102 0.000777411392557 -3.64286073256 0.338604498093 -2.5633073973e-06 
N/A(0) N/A(0) Sorted(2) SavitzkyGolay(1) 3(3) Template(1) 0.49(0.49) -6.35272208601 6.37521939878 0.0102991586463 0.000101118482501 -0.290060963632 0.045372887032 -4.29593973458e-07 
N/A(0) N/A(0) BruteForce(1) Multiwavelet(7) 3(3) Template(1) 0.49(0.49) -44.7714092507 45.270478357 0.0383456443539 0.000939134461789 -1.85764477845 0.364639752527 -4.18541391933e-06 
N/A(0) N/A(0) Sorted(2) Haar(5) 3(3) Template(1) 0.49(0.49) -1.33265213173 1.41457229978 0.00159456680933 9.41025752926e-05 -0.0573277578257 0.0294160732469 -5.10168730935e-07 
60(2) 0(0) BruteForce(1) Multiwavelet(7) 0(0) NoTemplate(0) N/A(0)  -83.7756527326 81.6873745785 0.145738925829 -0.000489793923682 -4.7028969291 0.360638631501 6.23257041427e-06 
N/A(0) N/A(0) Sorted(2) Haar(5) 2(2) Template(1) 0.49(0.49) -5.89248234475 5.91712397496 0.00776310749814 6.86479271269e-05 -0.247171752466 0.0378432114142 -3.67235117223e-07 
N/A(0) N/A(0) Sorted(2) Daubechies2(2) 1(1) Template(1) 0.49(0.49) -7.29836232493 7.29332413741 0.0106271017034 0.000128620371465 -0.333391510649 0.0436451918376 -4.21964328424e-07 
30(1) 0(0) BruteForce(1) Multiwavelet(7) 2(2) NoTemplate(0) N/A(0)  -76.8705235011 74.5205168706 0.148227396227 -0.00197387912393 -6.68112276627 0.201440484851 1.22823743259e-05 
N/A(0) N/A(0) BruteForce(1) Daubechies2(2) 2(2) Template(1) 0.74(0.74) -30.4024578206 30.68697416 0.026509964733 0.000548851553288 -1.96943371833 0.105546033659 -2.8990706305e-06 
N/A(0) N/A(0) Sorted(2) ChainWavelet(6) 2(2) Template(1) 0.49(0.49) -7.9001600144 7.92016135781 0.0113577040635 4.89700044438e-05 -0.416715427102 0.04456507884 -3.20223591038e-07 
60(2) 0(0) Multi(3) Multiwavelet(7) 2(2) NoTemplate(0) N/A(0)  -27.6799767838 27.1608813863 0.0617912163454 -0.000607979909595 -1.84620096715 0.0743543048404 2.9574732248e-06 
N/A(0) N/A(0) Sorted(2) SavitzkyGolay(1) 0(0) Template(1) 0.49(0.49) -6.35272208601 6.37521939878 0.0102991586463 0.000101118482501 -0.290060963632 0.045372887032 -4.29593973458e-07 
N/A(0) N/A(0) Sorted(2) ChainWavelet(6) 0(0) Template(1) 0.49(0.49) -7.9001600144 7.92016135781 0.0113577040635 4.89700044438e-05 -0.416715427102 0.04456507884 -3.20223591038e-07 
N/A(0) N/A(0) Sorted(2) Daubechies8(4) 0(0) Template(1) 0.74(0.74) -4.63944916427 4.67629413127 0.00653439876927 8.81658725535e-05 -0.264678051043 0.0346737493011 -3.56363920252e-07 
N/A(0) N/A(0) BruteForce(1) Daubechies8(4) 0(0) Template(1) 0.49(0.49) -45.3800530054 45.5230094739 0.0515854332132 0.000779092480875 -2.05626365337 0.372660848779 -2.55118699223e-06 
N/A(0) N/A(0) BruteForce(1) Daubechies3(3) 0(0) Template(1) 0.74(0.74) -20.5429049417 20.8977000172 0.0191142100843 0.000786046533976 -1.46587017191 0.167048720927 -3.42537528423e-06 
N/A(0) N/A(0) BruteForce(1) Daubechies8(4) 3(3) Template(1) 0.49(0.49) -22.5315211608 21.9127997311 0.0243603049246 -0.00109294359807 -0.177247870511 0.172095078711 5.09294814911e-06 
N/A(0) N/A(0) Sorted(2) Daubechies8(4) 1(1) Template(1) 0.49(0.49) -10.4087298139 10.36936308 0.0154786760259 1.25551407854e-05 -0.415214522676 0.0459621530699 1.01304057739e-07 
30(1) 0(0) BruteForce(1) Multiwavelet(7) 3(3) NoTemplate(0) N/A(0)  -72.4782255351 70.117893393 0.13262289687 -0.0020113767165 -6.55484389159 0.154459105937 1.29500443872e-05 
60(2) 0(0) BruteForce(1) Daubechies2(2) 2(2) NoTemplate(0) N/A(0)  34.7628431999 -35.7867881517 0.0210845272482 0.000416420223297 -0.374290153088 0.234670232511 7.86593216665e-07 
N/A(0) N/A(0) BruteForce(1) SavitzkyGolay(1) 3(3) Template(1) 0.74(0.74) -32.3259893444 32.5104607948 0.0340526191326 0.000711039162204 -1.94149393886 0.208025357797 -2.44594756531e-06 
N/A(0) N/A(0) Sorted(2) Daubechies3(3) 2(2) Template(1) 0.49(0.49) -9.6320682122 9.57628253545 0.0109498487105 -0.000124726131015 -0.341807202243 0.0324186016119 5.10566619078e-07 
60(2) 0(0) BruteForce(1) Haar(5) 1(1) NoTemplate(0) N/A(0)  64.8167001626 -65.7232931458 -0.0213319320822 0.000944365859569 2.65674697478 0.248113227599 -1.15354056904e-06 
N/A(0) N/A(0) BruteForce(1) SavitzkyGolay(1) 0(0) Template(1) 0.49(0.49) -47.0007155561 47.191200387 0.0534357615713 0.000659920693718 -2.44941802817 0.39440619749 -2.36043028366e-06 
N/A(0) N/A(0) BruteForce(1) Daubechies3(3) 0(0) Template(1) 0.49(0.49) -38.6013463117 38.922200814 0.0400394877181 0.000738523759305 -2.20796881466 0.363782727891 -3.07423464252e-06 
N/A(0) N/A(0) Sorted(2) ChainWavelet(6) 3(3) Template(1) 0.49(0.49) -7.9001600144 7.92016135781 0.0113577040635 4.89700044438e-05 -0.416715427102 0.04456507884 -3.20223591038e-07 
N/A(0) N/A(0) BruteForce(1) Daubechies2(2) 2(2) Template(1) 0.49(0.49) -64.3211219069 64.6650022722 0.0558408054851 0.00127551482886 -3.25170056243 0.301165758127 -4.87582785835e-06 
60(2) 0(0) BruteForce(1) Daubechies8(4) 0(0) NoTemplate(0) N/A(0)  -76.245214922 74.2194722329 0.135598643039 -0.00025343393654 -4.24214685422 0.357052386708 6.35990299245e-06 
N/A(0) N/A(0) BruteForce(1) Daubechies3(3) 1(1) Template(1) 0.74(0.74) -53.4444607903 53.0184896228 0.0696282778314 0.00025117090153 -2.55457590748 0.25130209996 1.07964662951e-06 
60(2) 0(0) BruteForce(1) Daubechies3(3) 0(0) NoTemplate(0) N/A(0)  -36.2321966514 34.954796115 0.0762938962576 0.000554049387163 -2.54595843402 0.300152006445 1.28265187109e-06 
N/A(0) N/A(0) Sorted(2) SavitzkyGolay(1) 1(1) Template(1) 0.74(0.74) -5.8340611787 5.85346613004 0.00741610457657 0.000106268391743 -0.307946213653 0.0388506748789 -3.26425719543e-07 
N/A(0) N/A(0) Sorted(2) Multiwavelet(7) 2(2) Template(1) 0.74(0.74) -5.07449395712 5.11559819884 0.00749048416202 8.2151013246e-05 -0.281846073942 0.0363789979057 -3.83895749941e-07 
N/A(0) N/A(0) Sorted(2) SavitzkyGolay(1) 1(1) Template(1) 0.49(0.49) -6.35272208601 6.37521939878 0.0102991586463 0.000101118482501 -0.290060963632 0.045372887032 -4.29593973458e-07 
30(1) 0(0) BruteForce(1) Multiwavelet(7) 1(1) NoTemplate(0) N/A(0)  -84.6541470857 82.3343615291 0.165199625966 -0.00149649307527 -7.13353862268 0.261700326918 1.04136570775e-05 
60(2) 0(0) BruteForce(1) SavitzkyGolay(1) 0(0) NoTemplate(0) N/A(0)  -47.4607044199 45.8486242034 0.0951324976819 0.000198974202471 -3.16794767626 0.359532394179 3.44208638912e-06 
N/A(0) N/A(0) BruteForce(1) Daubechies8(4) 2(2) Template(1) 0.49(0.49) -68.3927593542 67.6953843415 0.0814436403216 -0.000591047067028 -2.39769957539 0.296753273748 4.1970080743e-06 
N/A(0) N/A(0) BruteForce(1) Multiwavelet(7) 0(0) Template(1) 0.49(0.49) -35.9485041959 36.3017026327 0.0414322835388 0.000777329279459 -1.73612446127 0.359525450181 -3.51191315099e-06 
60(2) 0(0) BruteForce(1) Daubechies3(3) 2(2) NoTemplate(0) N/A(0)  -35.0782531291 34.0513610715 0.0632031064655 -0.000333177238026 -2.13717274626 0.100240712611 3.96752537805e-06 
60(2) 0(0) BruteForce(1) ChainWavelet(6) 1(1) NoTemplate(0) N/A(0)  -31.1064148713 28.3454807073 0.119169446101 0.000491167036735 -4.68841459805 0.558919477332 4.6142701977e-06 
30(1) 0(0) BruteForce(1) NoFilter(0) 2(2) NoTemplate(0) N/A(0)  76.6742019265 -77.6801459061 0.0105418150438 0.000333133416406 -2.48265756207 0.256537075187 9.78829162116e-08 
N/A(0) N/A(0) Sorted(2) Multiwavelet(7) 1(1) Template(1) 0.74(0.74) -5.11643668488 5.14817317919 0.00745110875912 7.73812163667e-05 -0.281536279328 0.0365911970724 -3.80456265441e-07 
N/A(0) N/A(0) BruteForce(1) SavitzkyGolay(1) 2(2) Template(1) 0.49(0.49) -47.0007155561 47.191200387 0.0534357615713 0.000659920693718 -2.44941802817 0.39440619749 -2.36043028366e-06 
N/A(0) N/A(0) BruteForce(1) Multiwavelet(7) 2(2) Template(1) 0.74(0.74) -23.0333775353 23.455695147 0.0185257012392 0.000976561666748 -1.70157648449 0.181629347088 -4.03604830571e-06 
60(2) 0(0) Multi(3) Multiwavelet(7) 3(3) NoTemplate(0) N/A(0)  -24.0412946608 23.5307920497 0.0557494072555 -0.000564789812926 -1.56699325102 0.0612784532387 3.0288366014e-06 
N/A(0) N/A(0) BruteForce(1) Multiwavelet(7) 2(2) Template(1) 0.49(0.49) -41.5498096373 42.0295440019 0.0362799482776 0.000886337668134 -1.83380904685 0.36478105269 -3.84602288109e-06 
N/A(0) N/A(0) BruteForce(1) Daubechies2(2) 3(3) Template(1) 0.49(0.49) -51.0070181772 51.3581408252 0.0498296483219 0.00134330970869 -2.6398129365 0.260171891695 -5.38618188078e-06 
60(2) 0(0) BruteForce(1) NoFilter(0) 3(3) NoTemplate(0) N/A(0)  65.1065839845 -65.9114032001 -0.0226876260345 0.000700766855082 1.01996795039 0.310426169239 -2.26779918157e-07 
N/A(0) N/A(0) Sorted(2) SavitzkyGolay(1) 2(2) Template(1) 0.49(0.49) -6.35272208601 6.37521939878 0.0102991586463 0.000101118482501 -0.290060963632 0.045372887032 -4.29593973458e-07 
30(1) 0(0) BruteForce(1) NoFilter(0) 3(3) NoTemplate(0) N/A(0)  76.6742019265 -77.6801459061 0.0105418150438 0.000333133416406 -2.48265756207 0.256537075187 9.78829162116e-08 
N/A(0) N/A(0) BruteForce(1) SavitzkyGolay(1) 3(3) Template(1) 0.49(0.49) -47.0007155561 47.191200387 0.0534357615713 0.000659920693718 -2.44941802817 0.39440619749 -2.36043028366e-06 
N/A(0) N/A(0) BruteForce(1) Multiwavelet(7) 0(0) Template(1) 0.74(0.74) -21.774382233 22.1159224421 0.0181670353969 0.000976368552999 -1.48424532649 0.172811700387 -3.91886233928e-06 
N/A(0) N/A(0) Sorted(2) Daubechies2(2) 2(2) Template(1) 0.49(0.49) -7.55094295037 7.56321873475 0.00997213490018 6.44719412031e-05 -0.307240469805 0.040829985761 -1.89336814953e-07 
60(2) 0(0) BruteForce(1) Haar(5) 0(0) NoTemplate(0) N/A(0)  68.749626984 -69.4920261014 -0.0282591210783 0.00111785496969 1.70251868117 0.294035806825 -2.21040730659e-06 
N/A(0) N/A(0) BruteForce(1) Daubechies3(3) 2(2) Template(1) 0.49(0.49) -75.2596735309 74.6444566054 0.0837657679532 -0.000522472384946 -2.54845507816 0.279879538811 3.98887387102e-06 
N/A(0) N/A(0) Sorted(2) SavitzkyGolay(1) 2(2) Template(1) 0.74(0.74) -5.8340611787 5.85346613004 0.00741610457657 0.000106268391743 -0.307946213653 0.0388506748789 -3.26425719543e-07 
N/A(0) N/A(0) BruteForce(1) ChainWavelet(6) 3(3) Template(1) 0.49(0.49) -66.87955713 66.9136223145 0.0738940511102 0.000777411392557 -3.64286073256 0.338604498093 -2.5633073973e-06 
N/A(0) N/A(0) Sorted(2) SavitzkyGolay(1) 0(0) Template(1) 0.74(0.74) -5.8340611787 5.85346613004 0.00741610457657 0.000106268391743 -0.307946213653 0.0388506748789 -3.26425719543e-07 
N/A(0) N/A(0) BruteForce(1) SavitzkyGolay(1) 0(0) Template(1) 0.74(0.74) -32.3259893444 32.5104607948 0.0340526191326 0.000711039162204 -1.94149393886 0.208025357797 -2.44594756531e-06 
30(1) 0(0) BruteForce(1) NoFilter(0) 0(0) NoTemplate(0) N/A(0)  76.6742019265 -77.6801459061 0.0105418150438 0.000333133416406 -2.48265756207 0.256537075187 9.78829162116e-08 
60(2) 0(0) BruteForce(1) Daubechies3(3) 1(1) NoTemplate(0) N/A(0)  -48.3213868863 47.0902320806 0.0929502899242 -5.70658210893e-05 -3.2869073557 0.213129427251 3.03593283024e-06 
60(2) 0(0) BruteForce(1) SavitzkyGolay(1) 1(1) NoTemplate(0) N/A(0)  -47.4607044199 45.8486242034 0.0951324976819 0.000198974202471 -3.16794767626 0.359532394179 3.44208638912e-06 
N/A(0) N/A(0) BruteForce(1) Haar(5) 3(3) Template(1) 0.49(0.49) -10.044251262 10.658490277 -0.00304851354379 0.000748321998336 -0.686094106699 0.183085904675 -3.17373306879e-06 
N/A(0) N/A(0) BruteForce(1) ChainWavelet(6) 0(0) Template(1) 0.49(0.49) -66.87955713 66.9136223145 0.0738940511102 0.000777411392557 -3.64286073256 0.338604498093 -2.5633073973e-06 
N/A(0) N/A(0) BruteForce(1) SavitzkyGolay(1) 1(1) Template(1) 0.74(0.74) -32.3259893444 32.5104607948 0.0340526191326 0.000711039162204 -1.94149393886 0.208025357797 -2.44594756531e-06 
N/A(0) N/A(0) BruteForce(1) Haar(5) 2(2) Template(1) 0.49(0.49) -33.3832844398 33.7213644743 0.0256764863933 0.00048752259505 -1.51439336705 0.240220887776 -2.35856420484e-06 
N/A(0) N/A(0) Sorted(2) Haar(5) 0(0) Template(1) 0.49(0.49) -5.52653862319 5.5624839789 0.00819130847434 0.000103192354585 -0.284984758549 0.0412429156616 -5.07844064781e-07 
N/A(0) N/A(0) BruteForce(1) Haar(5) 1(1) Template(1) 0.49(0.49) -64.1691483107 63.8995978738 0.0729385008656 0.000710000641943 -3.59581816508 0.307878090516 -8.09485243942e-07 
60(2) 0(0) BruteForce(1) ChainWavelet(6) 2(2) NoTemplate(0) N/A(0)  -31.1064148713 28.3454807073 0.119169446101 0.000491167036735 -4.68841459805 0.558919477332 4.6142701977e-06 
60(2) 0(0) BruteForce(1) Haar(5) 3(3) NoTemplate(0) N/A(0)  96.2463703165 -96.9052623134 -0.0220303861489 6.09964081921e-05 1.55281793568 0.150475989273 -4.13360675994e-07 
N/A(0) N/A(0) Sorted(2) Daubechies3(3) 0(0) Template(1) 0.74(0.74) -4.90298706242 4.93562449244 0.00687742851061 0.000110355301324 -0.28311639143 0.0348796812161 -3.40762268957e-07 
N/A(0) N/A(0) BruteForce(1) Multiwavelet(7) 1(1) Template(1) 0.49(0.49) -39.3270242211 39.7222914433 0.0403362647993 0.000803782089273 -1.77634547128 0.36586984318 -3.57516465668e-06 
N/A(0) N/A(0) BruteForce(1) Daubechies3(3) 1(1) Template(1) 0.49(0.49) -79.5778218571 79.2357250889 0.0987364695157 0.000141143140631 -3.67912796162 0.43459596324 6.04288164999e-07 
60(2) 0(0) BruteForce(1) SavitzkyGolay(1) 2(2) NoTemplate(0) N/A(0)  -47.4607044199 45.8486242034 0.0951324976819 0.000198974202471 -3.16794767626 0.359532394179 3.44208638912e-06 
N/A(0) N/A(0) BruteForce(1) SavitzkyGolay(1) 2(2) Template(1) 0.74(0.74) -32.3259893444 32.5104607948 0.0340526191326 0.000711039162204 -1.94149393886 0.208025357797 -2.44594756531e-06 
60(2) 0(0) BruteForce(1) NoFilter(0) 1(1) NoTemplate(0) N/A(0)  65.1065839845 -65.9114032001 -0.0226876260345 0.000700766855082 1.01996795039 0.310426169239 -2.26779918157e-07 
60(2) 0(0) Sorted(2) Multiwavelet(7) 3(3) NoTemplate(0) N/A(0)  -7.88556772009 7.46437484432 0.0172574562278 -0.000211408417332 -0.653562176236 0.00716324600675 1.9982223651e-06 
60(2) 0(0) BruteForce(1) Daubechies8(4) 1(1) NoTemplate(0) N/A(0)  -37.190171382 35.6668577791 0.0858755020365 -0.000705512354169 -2.61678812755 0.225237740533 5.97110918908e-06 
60(2) 0(0) BruteForce(1) Multiwavelet(7) 1(1) NoTemplate(0) N/A(0)  -91.4989828074 89.2681514909 0.143667679572 -0.000993151332885 -4.88094474672 0.291684324763 9.14452456768e-06 
N/A(0) N/A(0) BruteForce(1) Haar(5) 0(0) Template(1) 0.49(0.49) -39.5139731494 39.9408269421 0.0343425208039 0.00102024120244 -2.44937278083 0.298326238518 -3.97561025713e-06 
N/A(0) N/A(0) BruteForce(1) Daubechies2(2) 0(0) Template(1) 0.49(0.49) -48.4060098 48.8095770865 0.0487709713169 0.00106179193384 -2.76726326829 0.32157792548 -4.42129760759e-06 
60(2) 0(0) BruteForce(1) Daubechies2(2) 3(3) NoTemplate(0) N/A(0)  42.6002510119 -43.6231621779 0.0149533802609 -6.20759989574e-05 0.0203652673136 0.209030879389 3.07640840012e-06 
60(2) 0(0) BruteForce(1) ChainWavelet(6) 0(0) NoTemplate(0) N/A(0)  -31.1064148713 28.3454807073 0.119169446101 0.000491167036735 -4.68841459805 0.558919477332 4.6142701977e-06 
60(2) 0(0) BruteForce(1) Multiwavelet(7) 2(2) NoTemplate(0) N/A(0)  -83.2511274793 81.0416802643 0.126433813461 -0.00147293617216 -4.64258836536 0.230916444147 1.05491251764e-05 
60(2) 0(0) BruteForce(1) Daubechies2(2) 1(1) NoTemplate(0) N/A(0)  38.1165633381 -39.0561358642 0.00592650037972 0.00104426667721 0.210901666322 0.249600899404 -1.30537905575e-06 
60(2) 0(0) BruteForce(1) NoFilter(0) 2(2) NoTemplate(0) N/A(0)  65.1065839845 -65.9114032001 -0.0226876260345 0.000700766855082 1.01996795039 0.310426169239 -2.26779918157e-07 
60(2) 0(0) BruteForce(1) Daubechies8(4) 2(2) NoTemplate(0) N/A(0)  4.1141773437 -5.5079676316 0.0424919667995 -0.000553413999272 -0.973104831966 0.118935184083 5.28614533474e-06 
60(2) 0(0) BruteForce(1) NoFilter(0) 0(0) NoTemplate(0) N/A(0)  65.1065839845 -65.9114032001 -0.0226876260345 0.000700766855082 1.01996795039 0.310426169239 -2.26779918157e-07 
N/A(0) N/A(0) Sorted(2) Multiwavelet(7) 3(3) Template(1) 0.74(0.74) -5.05417628011 5.09839359497 0.00710525056219 9.88383044386e-05 -0.275273420365 0.0361258364237 -4.15230669462e-07 
60(2) 0(0) BruteForce(1) SavitzkyGolay(1) 3(3) NoTemplate(0) N/A(0)  -47.4607044199 45.8486242034 0.0951324976819 0.000198974202471 -3.16794767626 0.359532394179 3.44208638912e-06 
N/A(0) N/A(0) Sorted(2) Multiwavelet(7) 0(0) Template(1) 0.74(0.74) -4.97440904443 5.01315983544 0.0068294705542 9.73936586288e-05 -0.290740164208 0.0356221790894 -4.1629711015e-07 
60(2) 0(0) BruteForce(1) ChainWavelet(6) 3(3) NoTemplate(0) N/A(0)  -31.1064148713 28.3454807073 0.119169446101 0.000491167036735 -4.68841459805 0.558919477332 4.6142701977e-06 
N/A(0) N/A(0) BruteForce(1) ChainWavelet(6) 1(1) Template(1) 0.49(0.49) -66.87955713 66.9136223145 0.0738940511102 0.000777411392557 -3.64286073256 0.338604498093 -2.5633073973e-06 
N/A(0) N/A(0) BruteForce(1) Daubechies8(4) 1(1) Template(1) 0.49(0.49) -84.6458257717 84.1926758601 0.10444188421 5.2264367151e-05 -3.69430036991 0.438101315183 1.20859764236e-06 
N/A(0) N/A(0) BruteForce(1) Daubechies2(2) 1(1) Template(1) 0.49(0.49) -66.351129376 66.4192698421 0.0671403182646 0.00116781409646 -3.54920587236 0.341316731801 -3.7111566342e-06 
N/A(0) N/A(0) Sorted(2) Daubechies3(3) 1(1) Template(1) 0.49(0.49) -10.098369649 10.0647720222 0.0160230948289 -1.04153482034e-05 -0.411692860105 0.0450005756335 8.56719858361e-08 
